1	
	
GL50803_4812	
45	
105	
80.15%	
62508	
412.42246	
2	
	
GL50803_8118	
33	
57	
77.69%	
62508	
282.06196	
3	
	
GL50803_21628	
44	
79	
74.15%	
62508	
390.35496	
4	
	
GL50803_19436	
23	
37	
73.19%	
62508	
191.2217	
5	
	
GL50803_8917	
91	
173	
72.35%	
62508	
784.08593	
6	
	
GL50803_17547	
31	
72	
71.20%	
62508	
268.39402	
7	
	
GL50803_7110	
8	
24	
69.51%	
62508	
78.8464	
8	
	
GL50803_17244	
25	
49	
67.56%	
62508	
204.87371	
9	
	
GL50803_14373	
68	
221	
66.94%	
62513	
430.33882	
10	
	
GL50803_21423	
203	
572	
65.81%	
62508	
1667.70138	
11	
	
GL50803_9861	
56	
119	
64.42%	
62508	
492.42933	
12	
	
GL50803_17395	
30	
50	
64.31%	
62508	
253.00053	
13	
	
GL50803_21942	
34	
61	
63.47%	
62508	
290.84359	
14	
	
GL50803_17230	
32	
58	
62.06%	
62508	
282.17702	
15	
	
GL50803_17153	
24	
58	
61.89%	
62508	
221.38518	
16	
	
GL50803_112103	
50	
108	
59.48%	
62508	
419.50821	
17	
	
GL50803_14373	
61	
93	
58.20%	
62508	
491.65854	
18	
	
GL50803_14620	
35	
62	
58.06%	
62508	
287.9767	
19	
	
GL50803_17121	
68	
110	
57.90%	
62508	
551.94512	
20	
	
GL50803_9030	
29	
51	
57.27%	
62508	
269.47649	

